  6400.00    -0.005
  6401.00    -0.005
  6402.00    -0.005
  6403.00    -0.005
  6404.00    -0.005
  6405.00    -0.005
  6406.00    -0.005
  6407.00    -0.005
  6408.00    -0.005
  6409.00    -0.005
  6410.00    -0.005
  6411.00    -0.005
  6412.00    -0.005
  6413.00    -0.005
  6414.00    -0.005
  6415.00     0.000
  6416.00    -0.005
  6417.00    -0.005
  6418.00    -0.005
  6419.00     0.000
  6420.00     0.000
  6421.00     0.000
  6422.00     0.000
  6423.00    -0.005
  6424.00    -0.005
  6425.00    -0.005
  6426.00    -0.005
  6427.00    -0.005
  6428.00     0.000
  6429.00    -0.005
  6430.00    -0.005
  6431.00    -0.005
  6432.00    -0.005
  6433.00    -0.005
  6434.00     0.000
  6435.00     0.000
  6436.00     0.000
  6437.00     0.000
  6438.00    -0.005
  6439.00    -0.005
  6440.00     0.000
  6441.00     0.000
  6442.00     0.000
  6443.00    -0.005
  6444.00    -0.005
  6445.00    -0.005
  6446.00    -0.005
  6447.00    -0.005
  6448.00    -0.005
  6449.00     0.000
  6450.00     0.000
  6451.00     0.000
  6452.00    -0.005
  6453.00    -0.005
  6454.00    -0.005
  6455.00    -0.005
  6456.00    -0.005
  6457.00     0.000
  6458.00     0.000
  6459.00     0.000
  6460.00    -0.005
  6461.00    -0.005
  6462.00    -0.005
  6463.00    -0.005
  6464.00    -0.005
  6465.00    -0.005
  6466.00    -0.005
  6467.00    -0.005
  6468.00    -0.005
  6469.00    -0.005
  6470.00    -0.005
  6471.00    -0.005
  6472.00    -0.005
  6473.00    -0.005
  6474.00    -0.005
  6475.00    -0.005
  6476.00    -0.005
  6477.00    -0.005
  6478.00    -0.005
  6479.00    -0.005
  6480.00    -0.005
  6481.00    -0.005
  6482.00    -0.005
  6483.00    -0.005
  6484.00    -0.005
  6485.00    -0.005
  6486.00    -0.005
  6487.00    -0.005
  6488.00    -0.005
  6489.00    -0.005
  6490.00    -0.005
  6491.00    -0.005
  6492.00    -0.005
  6493.00    -0.005
  6494.00    -0.005
  6495.00    -0.005
  6496.00    -0.005
  6497.00    -0.005
  6498.00    -0.005
  6499.00    -0.005
  6500.00    -0.005
  6501.00    -0.005
  6502.00    -0.005
  6503.00    -0.005
  6504.00    -0.005
  6505.00     0.000
  6506.00     0.000
  6507.00    -0.005
  6508.00    -0.005
  6509.00     0.000
  6510.00     0.000
  6511.00     0.000
  6512.00     0.000
  6513.00    -0.005
  6514.00    -0.005
  6515.00    -0.005
  6516.00     0.000
  6517.00     0.000
  6518.00     0.000
  6519.00     0.000
  6520.00     0.000
  6521.00     0.000
  6522.00     0.000
  6523.00     0.000
  6524.00     0.000
  6525.00     0.000
  6526.00     0.000
  6527.00     0.000
  6528.00     0.005
  6529.00     0.005
  6530.00     0.005
  6531.00     0.010
  6532.00     0.010
  6533.00     0.015
  6534.00     0.020
  6535.00     0.025
  6536.00     0.030
  6537.00     0.035
  6538.00     0.045
  6539.00     0.055
  6540.00     0.065
  6541.00     0.080
  6542.00     0.100
  6543.00     0.130
  6544.00     0.170
  6545.00     0.220
  6546.00     0.300
  6547.00     0.420
  6548.00     0.605
  6549.00     0.890
  6550.00     1.345
  6551.00     2.080
  6552.00     3.255
  6553.00     5.110
  6554.00     7.950
  6555.00    12.110
  6556.00    17.850
  6557.00    25.235
  6558.00    33.940
  6559.00    43.395
  6560.00    52.735
  6561.00    60.950
  6562.00    67.520
  6563.00    72.130
  6564.00    74.860
  6565.00    76.255
  6566.00    76.635
  6567.00    76.395
  6568.00    75.595
  6569.00    74.040
  6570.00    71.335
  6571.00    66.860
  6572.00    60.290
  6573.00    51.570
  6574.00    41.480
  6575.00    31.180
  6576.00    21.785
  6577.00    14.245
  6578.00     8.855
  6579.00     5.330
  6580.00     3.200
  6581.00     1.955
  6582.00     1.235
  6583.00     0.815
  6584.00     0.560
  6585.00     0.400
  6586.00     0.290
  6587.00     0.215
  6588.00     0.165
  6589.00     0.125
  6590.00     0.100
  6591.00     0.075
  6592.00     0.060
  6593.00     0.045
  6594.00     0.040
  6595.00     0.030
  6596.00     0.025
  6597.00     0.020
  6598.00     0.015
  6599.00     0.010
  6600.00     0.010
  6601.00     0.010
  6602.00     0.005
  6603.00     0.005
  6604.00     0.000
  6605.00     0.000
  6606.00     0.000
  6607.00     0.000
  6608.00     0.000
  6609.00     0.000
  6610.00     0.000
  6611.00     0.000
  6612.00     0.000
  6613.00     0.000
  6614.00     0.000
  6615.00     0.000
  6616.00     0.000
  6617.00     0.000
  6618.00     0.000
  6619.00     0.000
  6620.00     0.000
  6621.00    -0.005
  6622.00    -0.005
  6623.00    -0.005
  6624.00    -0.005
  6625.00    -0.005
  6626.00    -0.005
  6627.00     0.000
  6628.00     0.000
  6629.00     0.000
  6630.00     0.000
  6631.00    -0.005
  6632.00    -0.005
  6633.00    -0.005
  6634.00    -0.005
  6635.00    -0.005
  6636.00    -0.005
  6637.00    -0.005
  6638.00    -0.005
  6639.00    -0.005
  6640.00    -0.005
  6641.00    -0.005
  6642.00     0.000
  6643.00     0.000
  6644.00    -0.005
  6645.00    -0.005
  6646.00    -0.005
  6647.00     0.000
  6648.00     0.000
  6649.00     0.000
  6650.00     0.000
  6651.00    -0.005
  6652.00    -0.005
  6653.00    -0.005
  6654.00    -0.005
  6655.00     0.000
  6656.00    -0.005
  6657.00    -0.005
  6658.00    -0.005
  6659.00    -0.005
  6660.00     0.000
  6661.00    -0.005
  6662.00    -0.005
  6663.00    -0.005
  6664.00    -0.005
  6665.00     0.000
  6666.00     0.000
  6667.00     0.000
  6668.00    -0.005
  6669.00    -0.005
  6670.00     0.000
  6671.00     0.000
  6672.00     0.000
  6673.00    -0.005
  6674.00    -0.005
  6675.00    -0.005
  6676.00     0.000
  6677.00     0.000
  6678.00     0.000
  6679.00     0.000
  6680.00    -0.005
  6681.00     0.000
  6682.00    -0.005
  6683.00    -0.005
  6684.00     0.000
  6685.00     0.000
  6686.00     0.000
  6687.00     0.000
  6688.00     0.000
  6689.00     0.000
  6690.00     0.000
  6691.00    -0.005
  6692.00    -0.005
  6693.00    -0.005
  6694.00    -0.005
  6695.00     0.000
  6696.00     0.000
  6697.00     0.000
  6698.00     0.000
  6699.00     0.000
  6700.00    -0.005
  6701.00    -0.005
  6702.00    -0.005
  6703.00    -0.005
  6704.00    -0.005
  6705.00     0.000
  6706.00     0.000
  6707.00     0.000
  6708.00    -0.005
  6709.00    -0.005
  6710.00    -0.005
  6711.00     0.000
  6712.00     0.000
  6713.00     0.000
  6714.00     0.000
  6715.00     0.000
  6716.00     0.000
  6717.00     0.000
  6718.00     0.000
  6719.00     0.000
  6720.00     0.000
  6721.00    -0.005
  6722.00    -0.005
  6723.00    -0.005
  6724.00    -0.005
  6725.00    -0.005
  6726.00    -0.005
  6727.00    -0.005
  6728.00    -0.005
  6729.00    -0.005
  6730.00    -0.005
  6731.00    -0.005
  6732.00     0.000
  6733.00     0.000
  6734.00     0.000
  6735.00     0.000
  6736.00     0.000
  6737.00     0.000
  6738.00     0.000
  6739.00    -0.005
  6740.00    -0.005
  6741.00    -0.005
  6742.00    -0.005
  6743.00    -0.005
  6744.00    -0.005
  6745.00    -0.005
  6746.00     0.000
  6747.00     0.000
  6748.00     0.000
  6749.00     0.000
  6750.00    -0.005
  6751.00    -0.005
  6752.00     0.000
  6753.00     0.000
  6754.00     0.000
  6755.00     0.000
  6756.00     0.000
  6757.00     0.000
  6758.00     0.000
  6759.00     0.000
  6760.00     0.000
  6761.00     0.000
  6762.00     0.000
  6763.00     0.000
  6764.00     0.000
  6765.00     0.000
  6766.00     0.000
  6767.00     0.000
  6768.00    -0.005
  6769.00    -0.005
  6770.00     0.000
  6771.00    -0.005
  6772.00    -0.005
  6773.00    -0.005
  6774.00     0.000
  6775.00     0.000
  6776.00     0.000
  6777.00     0.000
  6778.00     0.000
  6779.00     0.000
  6780.00     0.000
  6781.00    -0.005
  6782.00    -0.005
  6783.00    -0.005
  6784.00     0.000
  6785.00     0.000
  6786.00     0.000
  6787.00     0.000
  6788.00     0.000
  6789.00     0.000
  6790.00    -0.005
  6791.00     0.000
  6792.00     0.000
  6793.00     0.000
  6794.00     0.000
  6795.00     0.000
  6796.00     0.000
  6797.00     0.000
  6798.00     0.000
  6799.00     0.000
  6800.00     0.000
