  6400.00     0.005
  6401.00     0.005
  6402.00     0.005
  6403.00     0.005
  6404.00     0.005
  6405.00     0.005
  6406.00     0.005
  6407.00     0.005
  6408.00     0.005
  6409.00     0.005
  6410.00     0.005
  6411.00     0.010
  6412.00     0.010
  6413.00     0.010
  6414.00     0.010
  6415.00     0.010
  6416.00     0.010
  6417.00     0.010
  6418.00     0.010
  6419.00     0.010
  6420.00     0.010
  6421.00     0.010
  6422.00     0.010
  6423.00     0.010
  6424.00     0.015
  6425.00     0.015
  6426.00     0.015
  6427.00     0.015
  6428.00     0.015
  6429.00     0.015
  6430.00     0.015
  6431.00     0.020
  6432.00     0.020
  6433.00     0.020
  6434.00     0.020
  6435.00     0.020
  6436.00     0.025
  6437.00     0.025
  6438.00     0.025
  6439.00     0.030
  6440.00     0.030
  6441.00     0.030
  6442.00     0.035
  6443.00     0.035
  6444.00     0.035
  6445.00     0.035
  6446.00     0.040
  6447.00     0.040
  6448.00     0.045
  6449.00     0.045
  6450.00     0.050
  6451.00     0.050
  6452.00     0.055
  6453.00     0.055
  6454.00     0.060
  6455.00     0.065
  6456.00     0.065
  6457.00     0.070
  6458.00     0.075
  6459.00     0.080
  6460.00     0.085
  6461.00     0.090
  6462.00     0.095
  6463.00     0.100
  6464.00     0.105
  6465.00     0.110
  6466.00     0.120
  6467.00     0.130
  6468.00     0.135
  6469.00     0.145
  6470.00     0.150
  6471.00     0.160
  6472.00     0.170
  6473.00     0.180
  6474.00     0.195
  6475.00     0.205
  6476.00     0.220
  6477.00     0.240
  6478.00     0.255
  6479.00     0.270
  6480.00     0.290
  6481.00     0.310
  6482.00     0.335
  6483.00     0.360
  6484.00     0.385
  6485.00     0.415
  6486.00     0.445
  6487.00     0.485
  6488.00     0.520
  6489.00     0.560
  6490.00     0.610
  6491.00     0.660
  6492.00     0.715
  6493.00     0.780
  6494.00     0.845
  6495.00     0.925
  6496.00     1.005
  6497.00     1.090
  6498.00     1.190
  6499.00     1.300
  6500.00     1.420
  6501.00     1.555
  6502.00     1.710
  6503.00     1.875
  6504.00     2.060
  6505.00     2.265
  6506.00     2.500
  6507.00     2.765
  6508.00     3.060
  6509.00     3.385
  6510.00     3.750
  6511.00     4.160
  6512.00     4.625
  6513.00     5.150
  6514.00     5.735
  6515.00     6.395
  6516.00     7.140
  6517.00     7.975
  6518.00     8.915
  6519.00     9.980
  6520.00    11.175
  6521.00    12.525
  6522.00    14.025
  6523.00    15.720
  6524.00    17.615
  6525.00    19.720
  6526.00    22.060
  6527.00    24.635
  6528.00    27.440
  6529.00    30.520
  6530.00    33.835
  6531.00    37.380
  6532.00    41.145
  6533.00    45.070
  6534.00    49.070
  6535.00    53.120
  6536.00    57.105
  6537.00    60.970
  6538.00    64.630
  6539.00    68.025
  6540.00    71.120
  6541.00    73.855
  6542.00    76.235
  6543.00    78.280
  6544.00    79.955
  6545.00    81.225
  6546.00    82.195
  6547.00    82.930
  6548.00    83.490
  6549.00    83.875
  6550.00    84.150
  6551.00    84.300
  6552.00    84.380
  6553.00    84.435
  6554.00    84.435
  6555.00    84.380
  6556.00    84.285
  6557.00    84.190
  6558.00    84.195
  6559.00    84.190
  6560.00    84.130
  6561.00    84.070
  6562.00    84.075
  6563.00    84.105
  6564.00    84.110
  6565.00    84.150
  6566.00    84.120
  6567.00    84.170
  6568.00    84.205
  6569.00    84.155
  6570.00    84.150
  6571.00    84.115
  6572.00    84.075
  6573.00    84.050
  6574.00    84.030
  6575.00    84.000
  6576.00    83.980
  6577.00    83.915
  6578.00    83.810
  6579.00    83.815
  6580.00    83.775
  6581.00    83.760
  6582.00    83.805
  6583.00    83.885
  6584.00    83.870
  6585.00    83.745
  6586.00    83.560
  6587.00    83.300
  6588.00    83.035
  6589.00    82.680
  6590.00    82.225
  6591.00    81.555
  6592.00    80.675
  6593.00    79.485
  6594.00    78.035
  6595.00    76.325
  6596.00    74.265
  6597.00    71.880
  6598.00    69.210
  6599.00    66.160
  6600.00    62.845
  6601.00    59.270
  6602.00    55.540
  6603.00    51.705
  6604.00    47.785
  6605.00    43.935
  6606.00    40.190
  6607.00    36.615
  6608.00    33.250
  6609.00    30.035
  6610.00    27.050
  6611.00    24.340
  6612.00    21.885
  6613.00    19.620
  6614.00    17.580
  6615.00    15.700
  6616.00    14.035
  6617.00    12.580
  6618.00    11.270
  6619.00    10.085
  6620.00     9.020
  6621.00     8.085
  6622.00     7.270
  6623.00     6.540
  6624.00     5.885
  6625.00     5.305
  6626.00     4.785
  6627.00     4.325
  6628.00     3.920
  6629.00     3.550
  6630.00     3.215
  6631.00     2.925
  6632.00     2.655
  6633.00     2.420
  6634.00     2.200
  6635.00     2.005
  6636.00     1.825
  6637.00     1.670
  6638.00     1.525
  6639.00     1.395
  6640.00     1.280
  6641.00     1.180
  6642.00     1.080
  6643.00     1.000
  6644.00     0.920
  6645.00     0.850
  6646.00     0.785
  6647.00     0.725
  6648.00     0.675
  6649.00     0.625
  6650.00     0.580
  6651.00     0.535
  6652.00     0.495
  6653.00     0.460
  6654.00     0.430
  6655.00     0.400
  6656.00     0.375
  6657.00     0.355
  6658.00     0.330
  6659.00     0.310
  6660.00     0.285
  6661.00     0.270
  6662.00     0.255
  6663.00     0.240
  6664.00     0.225
  6665.00     0.210
  6666.00     0.200
  6667.00     0.185
  6668.00     0.175
  6669.00     0.165
  6670.00     0.155
  6671.00     0.145
  6672.00     0.140
  6673.00     0.130
  6674.00     0.120
  6675.00     0.115
  6676.00     0.110
  6677.00     0.105
  6678.00     0.100
  6679.00     0.095
  6680.00     0.090
  6681.00     0.085
  6682.00     0.080
  6683.00     0.075
  6684.00     0.070
  6685.00     0.070
  6686.00     0.065
  6687.00     0.060
  6688.00     0.060
  6689.00     0.055
  6690.00     0.050
  6691.00     0.050
  6692.00     0.050
  6693.00     0.045
  6694.00     0.045
  6695.00     0.040
  6696.00     0.040
  6697.00     0.035
  6698.00     0.035
  6699.00     0.035
  6700.00     0.030
  6701.00     0.030
  6702.00     0.030
  6703.00     0.030
  6704.00     0.030
  6705.00     0.025
  6706.00     0.025
  6707.00     0.025
  6708.00     0.025
  6709.00     0.020
  6710.00     0.020
  6711.00     0.020
  6712.00     0.020
  6713.00     0.020
  6714.00     0.020
  6715.00     0.015
  6716.00     0.015
  6717.00     0.015
  6718.00     0.015
  6719.00     0.015
  6720.00     0.010
  6721.00     0.010
  6722.00     0.010
  6723.00     0.010
  6724.00     0.010
  6725.00     0.010
  6726.00     0.010
  6727.00     0.010
  6728.00     0.010
  6729.00     0.010
  6730.00     0.010
  6731.00     0.010
  6732.00     0.010
  6733.00     0.010
  6734.00     0.005
  6735.00     0.005
  6736.00     0.005
  6737.00     0.005
  6738.00     0.005
  6739.00     0.005
  6740.00     0.005
  6741.00     0.005
  6742.00     0.005
  6743.00     0.005
  6744.00     0.005
  6745.00     0.005
  6746.00     0.005
  6747.00     0.005
  6748.00     0.005
  6749.00     0.005
  6750.00     0.005
  6751.00     0.005
  6752.00     0.005
  6753.00     0.005
  6754.00     0.005
  6755.00     0.005
  6756.00     0.000
  6757.00     0.000
  6758.00     0.000
  6759.00     0.000
  6760.00     0.000
  6761.00     0.000
  6762.00     0.000
  6763.00     0.000
  6764.00     0.000
  6765.00     0.000
  6766.00     0.000
  6767.00     0.000
  6768.00     0.000
  6769.00     0.000
  6770.00     0.000
  6771.00     0.000
  6772.00     0.000
  6773.00     0.000
  6774.00     0.000
  6775.00     0.000
  6776.00     0.000
  6777.00     0.000
  6778.00     0.000
  6779.00     0.000
  6780.00     0.000
  6781.00     0.000
  6782.00     0.000
  6783.00     0.000
  6784.00     0.000
  6785.00     0.000
  6786.00     0.000
  6787.00     0.000
  6788.00     0.000
  6789.00     0.000
  6790.00     0.000
  6791.00     0.000
  6792.00     0.000
  6793.00     0.000
  6794.00     0.000
  6795.00     0.000
  6796.00     0.000
  6797.00     0.000
  6798.00     0.000
  6799.00     0.000
  6800.00     0.000
