  6400.00    -0.005
  6401.00    -0.005
  6402.00    -0.005
  6403.00    -0.005
  6404.00    -0.005
  6405.00     0.000
  6406.00     0.000
  6407.00    -0.005
  6408.00    -0.005
  6409.00    -0.005
  6410.00    -0.005
  6411.00    -0.005
  6412.00    -0.005
  6413.00    -0.005
  6414.00    -0.005
  6415.00    -0.005
  6416.00    -0.005
  6417.00    -0.005
  6418.00    -0.005
  6419.00    -0.005
  6420.00    -0.005
  6421.00    -0.005
  6422.00    -0.005
  6423.00    -0.005
  6424.00    -0.005
  6425.00     0.000
  6426.00     0.000
  6427.00     0.000
  6428.00    -0.005
  6429.00    -0.005
  6430.00    -0.005
  6431.00    -0.005
  6432.00    -0.005
  6433.00    -0.005
  6434.00     0.000
  6435.00     0.000
  6436.00     0.000
  6437.00    -0.005
  6438.00    -0.005
  6439.00    -0.005
  6440.00    -0.005
  6441.00    -0.005
  6442.00    -0.005
  6443.00    -0.005
  6444.00     0.000
  6445.00     0.000
  6446.00     0.000
  6447.00     0.000
  6448.00    -0.005
  6449.00    -0.005
  6450.00    -0.005
  6451.00    -0.005
  6452.00    -0.005
  6453.00    -0.005
  6454.00     0.000
  6455.00     0.000
  6456.00     0.000
  6457.00     0.000
  6458.00     0.000
  6459.00    -0.005
  6460.00    -0.005
  6461.00    -0.005
  6462.00    -0.005
  6463.00    -0.005
  6464.00     0.000
  6465.00     0.000
  6466.00     0.000
  6467.00     0.000
  6468.00     0.000
  6469.00    -0.005
  6470.00    -0.005
  6471.00    -0.005
  6472.00    -0.005
  6473.00    -0.005
  6474.00     0.000
  6475.00     0.000
  6476.00     0.000
  6477.00     0.000
  6478.00    -0.005
  6479.00     0.000
  6480.00    -0.005
  6481.00    -0.005
  6482.00    -0.005
  6483.00    -0.005
  6484.00     0.000
  6485.00     0.000
  6486.00     0.000
  6487.00     0.000
  6488.00     0.000
  6489.00     0.000
  6490.00     0.000
  6491.00     0.000
  6492.00     0.000
  6493.00     0.000
  6494.00     0.000
  6495.00     0.000
  6496.00     0.000
  6497.00    -0.005
  6498.00    -0.005
  6499.00    -0.005
  6500.00     0.000
  6501.00     0.000
  6502.00     0.000
  6503.00     0.000
  6504.00     0.000
  6505.00     0.000
  6506.00     0.000
  6507.00     0.000
  6508.00     0.000
  6509.00    -0.005
  6510.00     0.000
  6511.00     0.000
  6512.00     0.000
  6513.00     0.000
  6514.00     0.000
  6515.00     0.000
  6516.00     0.000
  6517.00     0.000
  6518.00     0.000
  6519.00     0.000
  6520.00     0.000
  6521.00     0.000
  6522.00     0.000
  6523.00     0.000
  6524.00     0.000
  6525.00     0.000
  6526.00     0.000
  6527.00     0.000
  6528.00     0.000
  6529.00     0.000
  6530.00     0.000
  6531.00     0.000
  6532.00     0.000
  6533.00     0.000
  6534.00     0.000
  6535.00     0.000
  6536.00     0.000
  6537.00     0.000
  6538.00     0.000
  6539.00     0.000
  6540.00     0.000
  6541.00     0.000
  6542.00     0.000
  6543.00     0.000
  6544.00     0.000
  6545.00     0.000
  6546.00     0.000
  6547.00     0.000
  6548.00     0.000
  6549.00     0.000
  6550.00     0.000
  6551.00     0.000
  6552.00     0.000
  6553.00     0.000
  6554.00     0.000
  6555.00     0.005
  6556.00     0.005
  6557.00     0.005
  6558.00     0.005
  6559.00     0.005
  6560.00     0.005
  6561.00     0.005
  6562.00     0.005
  6563.00     0.005
  6564.00     0.005
  6565.00     0.005
  6566.00     0.005
  6567.00     0.005
  6568.00     0.005
  6569.00     0.005
  6570.00     0.010
  6571.00     0.005
  6572.00     0.005
  6573.00     0.010
  6574.00     0.010
  6575.00     0.010
  6576.00     0.010
  6577.00     0.010
  6578.00     0.010
  6579.00     0.010
  6580.00     0.010
  6581.00     0.015
  6582.00     0.015
  6583.00     0.015
  6584.00     0.015
  6585.00     0.015
  6586.00     0.015
  6587.00     0.015
  6588.00     0.020
  6589.00     0.020
  6590.00     0.020
  6591.00     0.020
  6592.00     0.020
  6593.00     0.025
  6594.00     0.025
  6595.00     0.025
  6596.00     0.030
  6597.00     0.030
  6598.00     0.030
  6599.00     0.030
  6600.00     0.035
  6601.00     0.035
  6602.00     0.040
  6603.00     0.040
  6604.00     0.045
  6605.00     0.045
  6606.00     0.050
  6607.00     0.050
  6608.00     0.055
  6609.00     0.060
  6610.00     0.060
  6611.00     0.065
  6612.00     0.070
  6613.00     0.075
  6614.00     0.080
  6615.00     0.085
  6616.00     0.085
  6617.00     0.090
  6618.00     0.100
  6619.00     0.105
  6620.00     0.110
  6621.00     0.120
  6622.00     0.125
  6623.00     0.135
  6624.00     0.145
  6625.00     0.150
  6626.00     0.160
  6627.00     0.170
  6628.00     0.185
  6629.00     0.195
  6630.00     0.210
  6631.00     0.225
  6632.00     0.240
  6633.00     0.260
  6634.00     0.280
  6635.00     0.300
  6636.00     0.320
  6637.00     0.345
  6638.00     0.375
  6639.00     0.405
  6640.00     0.440
  6641.00     0.475
  6642.00     0.510
  6643.00     0.555
  6644.00     0.605
  6645.00     0.655
  6646.00     0.710
  6647.00     0.770
  6648.00     0.835
  6649.00     0.910
  6650.00     0.995
  6651.00     1.085
  6652.00     1.185
  6653.00     1.300
  6654.00     1.430
  6655.00     1.570
  6656.00     1.725
  6657.00     1.895
  6658.00     2.080
  6659.00     2.290
  6660.00     2.535
  6661.00     2.800
  6662.00     3.095
  6663.00     3.425
  6664.00     3.795
  6665.00     4.210
  6666.00     4.680
  6667.00     5.220
  6668.00     5.840
  6669.00     6.535
  6670.00     7.305
  6671.00     8.185
  6672.00     9.170
  6673.00    10.300
  6674.00    11.570
  6675.00    12.980
  6676.00    14.580
  6677.00    16.340
  6678.00    18.315
  6679.00    20.545
  6680.00    23.005
  6681.00    25.705
  6682.00    28.670
  6683.00    31.795
  6684.00    35.145
  6685.00    38.735
  6686.00    42.440
  6687.00    46.240
  6688.00    50.045
  6689.00    53.880
  6690.00    57.610
  6691.00    61.150
  6692.00    64.500
  6693.00    67.600
  6694.00    70.455
  6695.00    72.990
  6696.00    75.200
  6697.00    77.110
  6698.00    78.715
  6699.00    80.015
  6700.00    81.040
  6701.00    81.850
  6702.00    82.480
  6703.00    82.980
  6704.00    83.320
  6705.00    83.590
  6706.00    83.730
  6707.00    83.880
  6708.00    84.000
  6709.00    84.040
  6710.00    84.045
  6711.00    84.055
  6712.00    84.090
  6713.00    84.170
  6714.00    84.190
  6715.00    84.225
  6716.00    84.290
  6717.00    84.320
  6718.00    84.375
  6719.00    84.425
  6720.00    84.520
  6721.00    84.510
  6722.00    84.565
  6723.00    84.675
  6724.00    84.710
  6725.00    84.705
  6726.00    84.630
  6727.00    84.670
  6728.00    84.670
  6729.00    84.555
  6730.00    84.460
  6731.00    84.390
  6732.00    84.295
  6733.00    84.205
  6734.00    84.175
  6735.00    84.060
  6736.00    83.865
  6737.00    83.615
  6738.00    83.245
  6739.00    82.700
  6740.00    82.025
  6741.00    81.280
  6742.00    80.305
  6743.00    79.085
  6744.00    77.650
  6745.00    75.915
  6746.00    73.915
  6747.00    71.610
  6748.00    69.150
  6749.00    66.320
  6750.00    63.350
  6751.00    60.140
  6752.00    56.755
  6753.00    53.225
  6754.00    49.650
  6755.00    46.050
  6756.00    42.515
  6757.00    39.035
  6758.00    35.670
  6759.00    32.505
  6760.00    29.495
  6761.00    26.665
  6762.00    24.045
  6763.00    21.670
  6764.00    19.500
  6765.00    17.475
  6766.00    15.670
  6767.00    14.065
  6768.00    12.600
  6769.00    11.310
  6770.00    10.145
  6771.00     9.100
  6772.00     8.170
  6773.00     7.375
  6774.00     6.645
  6775.00     5.990
  6776.00     5.400
  6777.00     4.870
  6778.00     4.405
  6779.00     3.980
  6780.00     3.610
  6781.00     3.275
  6782.00     2.980
  6783.00     2.710
  6784.00     2.470
  6785.00     2.255
  6786.00     2.065
  6787.00     1.885
  6788.00     1.730
  6789.00     1.585
  6790.00     1.450
  6791.00     1.330
  6792.00     1.215
  6793.00     1.120
  6794.00     1.040
  6795.00     0.960
  6796.00     0.890
  6797.00     0.830
  6798.00     0.780
  6799.00     0.750
  6800.00     0.745
