  3000.00    -0.005
  3010.00    -0.005
  3020.00    -0.005
  3030.00    -0.005
  3040.00    -0.005
  3050.00    -0.005
  3060.00    -0.005
  3070.00    -0.005
  3080.00    -0.005
  3090.00    -0.005
  3100.00    -0.005
  3110.00    -0.005
  3120.00    -0.005
  3130.00    -0.005
  3140.00    -0.005
  3150.00    -0.010
  3160.00    -0.015
  3170.00    -0.035
  3180.00    -0.040
  3190.00    -0.005
  3200.00    -0.005
  3210.00    -0.005
  3220.00    -0.005
  3230.00    -0.005
  3240.00    -0.005
  3250.00    -0.005
  3260.00    -0.005
  3270.00    -0.005
  3280.00    -0.005
  3290.00    -0.005
  3300.00    -0.005
  3310.00    -0.005
  3320.00    -0.005
  3330.00    -0.005
  3340.00    -0.005
  3350.00    -0.005
  3360.00    -0.005
  3370.00    -0.005
  3380.00    -0.005
  3390.00    -0.005
  3400.00    -0.005
  3410.00    -0.005
  3420.00    -0.005
  3430.00    -0.005
  3440.00    -0.005
  3450.00    -0.005
  3460.00    -0.005
  3470.00    -0.005
  3480.00    -0.005
  3490.00    -0.005
  3500.00    -0.005
  3510.00    -0.005
  3520.00    -0.005
  3530.00    -0.005
  3540.00    -0.005
  3550.00    -0.005
  3560.00    -0.005
  3570.00    -0.005
  3580.00     0.000
  3590.00    -0.005
  3600.00     0.000
  3610.00     0.000
  3620.00     0.010
  3630.00     0.045
  3640.00     0.145
  3650.00     0.475
  3660.00     1.515
  3670.00     4.445
  3680.00    10.960
  3690.00    21.210
  3700.00    32.440
  3710.00    40.175
  3720.00    41.365
  3730.00    35.450
  3740.00    24.755
  3750.00    13.490
  3760.00     5.555
  3770.00     1.655
  3780.00     0.355
  3790.00     0.035
  3800.00     0.005
  3810.00     0.000
  3820.00     0.000
  3830.00     0.000
  3840.00    -0.005
  3850.00    -0.005
  3860.00    -0.005
  3870.00    -0.005
  3880.00    -0.005
  3890.00    -0.005
  3900.00    -0.005
  3910.00    -0.005
  3920.00    -0.005
  3930.00    -0.005
  3940.00    -0.005
  3950.00    -0.005
  3960.00    -0.005
  3970.00    -0.005
  3980.00    -0.005
  3990.00    -0.005
  4000.00    -0.005
  4010.00    -0.005
  4020.00    -0.005
  4030.00    -0.005
  4040.00    -0.005
  4050.00    -0.005
  4060.00    -0.005
  4070.00    -0.005
  4080.00    -0.005
  4090.00    -0.005
  4100.00    -0.005
  4110.00    -0.005
  4120.00    -0.005
  4130.00    -0.005
  4140.00    -0.005
  4150.00    -0.005
  4160.00    -0.005
  4170.00    -0.005
  4180.00    -0.005
  4190.00    -0.005
  4200.00    -0.005
  4210.00    -0.005
  4220.00    -0.005
  4230.00    -0.005
  4240.00    -0.005
  4250.00    -0.005
  4260.00    -0.005
  4270.00    -0.005
  4280.00    -0.005
  4290.00    -0.005
  4300.00    -0.005
  4310.00    -0.005
  4320.00    -0.005
  4330.00    -0.005
  4340.00    -0.005
  4350.00    -0.005
  4360.00    -0.005
  4370.00    -0.005
  4380.00    -0.005
  4390.00    -0.005
  4400.00    -0.005
  4410.00    -0.005
  4420.00    -0.005
  4430.00    -0.005
  4440.00    -0.005
  4450.00    -0.005
  4460.00    -0.005
  4470.00    -0.005
  4480.00    -0.005
  4490.00    -0.005
  4500.00    -0.005
  4510.00    -0.005
  4520.00    -0.005
  4530.00    -0.005
  4540.00    -0.005
  4550.00    -0.005
  4560.00    -0.005
  4570.00    -0.005
  4580.00    -0.005
  4590.00    -0.005
  4600.00     0.000
  4610.00     0.000
  4620.00    -0.005
  4630.00    -0.005
  4640.00    -0.005
  4650.00    -0.005
  4660.00    -0.005
  4670.00    -0.005
  4680.00    -0.005
  4690.00    -0.005
  4700.00    -0.005
  4710.00    -0.005
  4720.00    -0.005
  4730.00    -0.005
  4740.00    -0.005
  4750.00    -0.005
  4760.00    -0.005
  4770.00    -0.005
  4780.00    -0.005
  4790.00    -0.005
  4800.00    -0.005
  4810.00    -0.005
  4820.00    -0.005
  4830.00    -0.005
  4840.00    -0.005
  4850.00    -0.005
  4860.00    -0.005
  4870.00    -0.010
  4880.00    -0.005
  4890.00    -0.005
  4900.00    -0.005
  4910.00    -0.005
  4920.00    -0.005
  4930.00    -0.005
  4940.00    -0.005
  4950.00    -0.005
  4960.00     0.000
  4970.00     0.000
  4980.00     0.000
  4990.00     0.000
  5000.00     0.000
  5010.00     0.000
  5020.00     0.000
  5030.00     0.000
  5040.00     0.000
  5050.00    -0.005
  5060.00    -0.005
  5070.00    -0.005
  5080.00    -0.005
  5090.00    -0.005
  5100.00    -0.005
  5110.00    -0.005
  5120.00    -0.005
  5130.00    -0.005
  5140.00    -0.005
  5150.00    -0.005
  5160.00    -0.005
  5170.00    -0.005
  5180.00    -0.005
  5190.00    -0.005
  5200.00    -0.005
  5210.00    -0.005
  5220.00    -0.005
  5230.00    -0.005
  5240.00    -0.005
  5250.00    -0.005
  5260.00    -0.005
  5270.00    -0.005
  5280.00    -0.005
  5290.00    -0.005
  5300.00    -0.005
  5310.00    -0.005
  5320.00    -0.005
  5330.00    -0.005
  5340.00    -0.005
  5350.00    -0.005
  5360.00    -0.005
  5370.00    -0.005
  5380.00    -0.005
  5390.00    -0.005
  5400.00    -0.005
  5410.00    -0.005
  5420.00    -0.005
  5430.00    -0.005
  5440.00    -0.005
  5450.00    -0.005
  5460.00    -0.005
  5470.00    -0.005
  5480.00    -0.005
  5490.00    -0.005
  5500.00    -0.005
  5510.00    -0.005
  5520.00    -0.005
  5530.00    -0.005
  5540.00    -0.005
  5550.00    -0.005
  5560.00    -0.005
  5570.00    -0.005
  5580.00    -0.010
  5590.00    -0.015
  5600.00    -0.030
  5610.00    -0.040
  5620.00    -0.010
  5630.00    -0.005
  5640.00    -0.005
  5650.00    -0.005
  5660.00    -0.005
  5670.00    -0.005
  5680.00    -0.005
  5690.00    -0.005
  5700.00    -0.005
  5710.00    -0.005
  5720.00    -0.005
  5730.00    -0.005
  5740.00    -0.005
  5750.00    -0.005
  5760.00    -0.005
  5770.00    -0.005
  5780.00    -0.005
  5790.00    -0.005
  5800.00    -0.005
  5810.00    -0.005
  5820.00    -0.005
  5830.00    -0.005
  5840.00    -0.005
  5850.00    -0.005
  5860.00    -0.005
  5870.00    -0.005
  5880.00    -0.005
  5890.00    -0.005
  5900.00    -0.005
  5910.00    -0.005
  5920.00    -0.005
  5930.00    -0.005
  5940.00    -0.005
  5950.00    -0.005
  5960.00    -0.005
  5970.00    -0.005
  5980.00    -0.005
  5990.00    -0.005
  6000.00    -0.005
  6010.00    -0.005
  6020.00    -0.005
  6030.00    -0.005
  6040.00    -0.005
  6050.00    -0.005
  6060.00    -0.005
  6070.00    -0.005
  6080.00    -0.005
  6090.00    -0.005
  6100.00    -0.005
  6110.00    -0.005
  6120.00    -0.005
  6130.00    -0.005
  6140.00    -0.005
  6150.00    -0.005
  6160.00    -0.005
  6170.00    -0.005
  6180.00    -0.005
  6190.00    -0.005
  6200.00    -0.005
  6210.00    -0.005
  6220.00    -0.005
  6230.00    -0.005
  6240.00    -0.005
  6250.00    -0.005
  6260.00    -0.005
  6270.00    -0.005
  6280.00    -0.005
  6290.00    -0.005
  6300.00    -0.005
  6310.00    -0.005
  6320.00    -0.005
  6330.00    -0.005
  6340.00    -0.005
  6350.00    -0.005
  6360.00    -0.005
  6370.00    -0.005
  6380.00    -0.005
  6390.00    -0.005
  6400.00    -0.005
  6410.00    -0.005
  6420.00    -0.005
  6430.00    -0.005
  6440.00    -0.005
  6450.00    -0.005
  6460.00    -0.005
  6470.00    -0.005
  6480.00    -0.005
  6490.00    -0.005
  6500.00    -0.005
  6510.00    -0.005
  6520.00    -0.005
  6530.00    -0.005
  6540.00    -0.005
  6550.00    -0.005
  6560.00    -0.005
  6570.00     0.000
  6580.00    -0.005
  6590.00    -0.005
  6600.00    -0.005
  6610.00    -0.005
  6620.00    -0.005
  6630.00    -0.005
  6640.00    -0.005
  6650.00    -0.005
  6660.00    -0.005
  6670.00    -0.005
  6680.00    -0.005
  6690.00    -0.005
  6700.00    -0.005
  6710.00    -0.005
  6720.00    -0.005
  6730.00    -0.005
  6740.00    -0.005
  6750.00     0.000
  6760.00    -0.005
  6770.00    -0.005
  6780.00    -0.005
  6790.00    -0.005
  6800.00    -0.005
  6810.00    -0.005
  6820.00    -0.005
  6830.00    -0.005
  6840.00    -0.005
  6850.00    -0.005
  6860.00    -0.005
  6870.00    -0.015
  6880.00    -0.030
  6890.00    -0.045
  6900.00    -0.010
  6910.00    -0.005
  6920.00     0.000
  6930.00     0.000
  6940.00     0.000
  6950.00     0.000
  6960.00     0.000
  6970.00     0.000
  6980.00     0.000
  6990.00     0.000
  7000.00     0.000
  7010.00    -0.005
  7020.00    -0.005
  7030.00     0.000
  7040.00     0.000
  7050.00     0.000
  7060.00    -0.005
  7070.00    -0.005
  7080.00    -0.005
  7090.00     0.000
  7100.00     0.000
  7110.00     0.000
  7120.00    -0.005
  7130.00    -0.005
  7140.00     0.000
  7150.00     0.000
  7160.00    -0.005
  7170.00    -0.005
  7180.00    -0.005
  7190.00    -0.005
  7200.00     0.000
  7210.00     0.000
  7220.00     0.000
  7230.00    -0.005
  7240.00    -0.005
  7250.00    -0.005
  7260.00    -0.005
  7270.00    -0.005
  7280.00    -0.005
  7290.00    -0.005
  7300.00    -0.005
  7310.00    -0.005
  7320.00    -0.005
  7330.00    -0.005
  7340.00    -0.005
  7350.00    -0.005
  7360.00    -0.005
  7370.00    -0.005
  7380.00     0.000
  7390.00     0.000
  7400.00    -0.005
  7410.00    -0.005
  7420.00    -0.005
  7430.00    -0.005
  7440.00    -0.005
  7450.00     0.000
  7460.00     0.000
  7470.00    -0.005
  7480.00    -0.005
  7490.00    -0.005
  7500.00    -0.005
  7510.00    -0.005
  7520.00    -0.005
  7530.00    -0.005
  7540.00    -0.005
  7550.00    -0.005
  7560.00    -0.005
  7570.00     0.000
  7580.00    -0.005
  7590.00     0.000
  7600.00     0.000
  7610.00    -0.005
  7620.00    -0.005
  7630.00    -0.005
  7640.00    -0.005
  7650.00     0.000
  7660.00     0.000
  7670.00    -0.005
  7680.00    -0.005
  7690.00     0.000
  7700.00     0.000
  7710.00     0.000
  7720.00     0.000
  7730.00    -0.005
  7740.00    -0.005
  7750.00    -0.005
  7760.00    -0.005
  7770.00     0.000
  7780.00     0.000
  7790.00     0.000
  7800.00     0.000
  7810.00    -0.005
  7820.00    -0.005
  7830.00    -0.005
  7840.00    -0.005
  7850.00     0.000
  7860.00     0.000
  7870.00    -0.005
  7880.00    -0.005
  7890.00    -0.005
  7900.00    -0.005
  7910.00    -0.005
  7920.00    -0.005
  7930.00    -0.005
  7940.00    -0.005
  7950.00     0.000
  7960.00     0.000
  7970.00     0.000
  7980.00    -0.005
  7990.00    -0.005
  8000.00     0.000
  8010.00     0.000
  8020.00    -0.005
  8030.00    -0.005
  8040.00    -0.005
  8050.00    -0.005
  8060.00    -0.005
  8070.00    -0.010
  8080.00    -0.025
  8090.00    -0.035
  8100.00    -0.010
  8110.00     0.000
  8120.00     0.000
  8130.00     0.000
  8140.00     0.000
  8150.00     0.000
  8160.00    -0.005
  8170.00    -0.005
  8180.00    -0.005
  8190.00    -0.005
  8200.00    -0.005
  8210.00    -0.005
  8220.00    -0.005
  8230.00    -0.005
  8240.00    -0.005
  8250.00    -0.005
  8260.00    -0.005
  8270.00     0.000
  8280.00     0.000
  8290.00     0.000
  8300.00     0.000
  8310.00     0.005
  8320.00     0.005
  8330.00     0.000
  8340.00     0.000
  8350.00     0.000
  8360.00     0.000
  8370.00     0.000
  8380.00     0.000
  8390.00     0.000
  8400.00     0.000
  8410.00     0.000
  8420.00     0.000
  8430.00     0.000
  8440.00     0.005
  8450.00     0.000
  8460.00     0.000
  8470.00     0.000
  8480.00     0.000
  8490.00     0.000
  8500.00     0.000
  8510.00     0.000
  8520.00     0.000
  8530.00     0.000
  8540.00     0.000
  8550.00     0.000
  8560.00     0.000
  8570.00     0.000
  8580.00     0.000
  8590.00     0.005
  8600.00     0.020
  8610.00     0.015
  8620.00     0.010
  8630.00     0.005
  8640.00     0.000
  8650.00     0.005
  8660.00     0.005
  8670.00     0.000
  8680.00     0.000
  8690.00     0.010
  8700.00     0.020
  8710.00     0.025
  8720.00     0.015
  8730.00     0.015
  8740.00     0.020
  8750.00     0.020
  8760.00     0.010
  8770.00     0.005
  8780.00     0.010
  8790.00     0.010
  8800.00     0.015
  8810.00     0.020
  8820.00     0.020
  8830.00     0.020
  8840.00     0.010
  8850.00     0.015
  8860.00     0.015
  8870.00     0.015
  8880.00     0.025
  8890.00     0.015
  8900.00     0.005
  8910.00    -0.005
  8920.00     0.000
  8930.00    -0.005
  8940.00     0.000
  8950.00     0.005
  8960.00     0.000
  8970.00     0.010
  8980.00     0.010
  8990.00     0.015
  9000.00     0.010
  9010.00     0.005
  9020.00     0.000
  9030.00    -0.005
  9040.00     0.000
  9050.00     0.005
  9060.00     0.005
  9070.00     0.005
  9080.00     0.005
  9090.00     0.015
  9100.00     0.020
  9110.00     0.020
  9120.00     0.015
  9130.00     0.010
  9140.00     0.005
  9150.00     0.000
  9160.00     0.005
  9170.00     0.015
  9180.00     0.015
  9190.00     0.010
  9200.00     0.005
  9210.00     0.000
  9220.00     0.005
  9230.00     0.020
  9240.00     0.015
  9250.00     0.005
  9260.00     0.005
  9270.00     0.005
  9280.00     0.000
  9290.00    -0.005
  9300.00    -0.005
  9310.00     0.000
  9320.00     0.000
  9330.00     0.000
  9340.00     0.005
  9350.00     0.015
  9360.00     0.020
  9370.00     0.015
  9380.00     0.010
  9390.00     0.005
  9400.00     0.005
  9410.00     0.005
  9420.00     0.010
  9430.00     0.010
  9440.00     0.015
  9450.00     0.015
  9460.00     0.010
  9470.00     0.010
  9480.00     0.015
  9490.00     0.015
  9500.00     0.010
  9510.00     0.010
  9520.00     0.000
  9530.00     0.010
  9540.00     0.015
  9550.00     0.020
  9560.00     0.020
  9570.00     0.015
  9580.00     0.015
  9590.00     0.015
  9600.00     0.015
  9610.00     0.005
  9620.00     0.010
  9630.00     0.010
  9640.00    -0.005
  9650.00    -0.005
  9660.00     0.005
  9670.00     0.005
  9680.00     0.010
  9690.00     0.005
  9700.00     0.005
  9710.00     0.005
  9720.00     0.005
  9730.00     0.005
  9740.00     0.005
  9750.00     0.005
  9760.00     0.010
  9770.00     0.010
  9780.00     0.010
  9790.00     0.015
  9800.00     0.020
  9810.00     0.015
  9820.00     0.010
  9830.00     0.010
  9840.00     0.015
  9850.00     0.005
  9860.00     0.005
  9870.00     0.010
  9880.00     0.015
  9890.00     0.020
  9900.00     0.015
  9910.00     0.010
  9920.00     0.005
  9930.00     0.005
  9940.00     0.010
  9950.00     0.015
  9960.00     0.010
  9970.00     0.005
  9980.00     0.010
  9990.00     0.015
 10000.00     0.015
 10010.00     0.015
 10020.00     0.010
 10030.00     0.010
 10040.00     0.015
 10050.00     0.015
 10060.00     0.010
 10070.00     0.010
 10080.00     0.020
 10090.00     0.015
 10100.00     0.000
 10110.00    -0.005
 10120.00     0.005
 10130.00     0.000
 10140.00     0.005
 10150.00     0.005
 10160.00     0.005
 10170.00     0.000
 10180.00     0.000
 10190.00     0.000
 10200.00    -0.005
 10210.00    -0.005
 10220.00     0.005
 10230.00     0.015
 10240.00     0.015
 10250.00     0.005
 10260.00     0.005
 10270.00     0.015
 10280.00     0.015
 10290.00     0.010
 10300.00     0.005
 10310.00    -0.005
 10320.00    -0.010
 10330.00     0.010
 10340.00     0.020
 10350.00     0.025
 10360.00     0.020
 10370.00     0.010
 10380.00     0.005
 10390.00     0.005
 10400.00     0.015
 10410.00     0.010
 10420.00     0.005
 10430.00     0.010
 10440.00     0.005
 10450.00     0.000
 10460.00    -0.005
 10470.00     0.000
 10480.00     0.005
 10490.00     0.010
 10500.00     0.015
 10510.00     0.015
 10520.00     0.020
 10530.00     0.015
 10540.00     0.025
 10550.00     0.015
 10560.00     0.005
 10570.00     0.000
 10580.00     0.005
 10590.00     0.015
 10600.00     0.010
 10610.00     0.015
 10620.00     0.000
 10630.00     0.015
 10640.00     0.020
 10650.00     0.020
 10660.00     0.015
 10670.00     0.000
 10680.00    -0.005
 10690.00     0.000
 10700.00     0.010
 10710.00     0.005
 10720.00     0.000
 10730.00    -0.015
 10740.00    -0.020
 10750.00    -0.005
 10760.00     0.015
 10770.00     0.010
 10780.00     0.000
 10790.00     0.010
 10800.00     0.025
 10810.00     0.015
 10820.00     0.005
 10830.00     0.010
 10840.00     0.015
 10850.00     0.005
 10860.00     0.005
 10870.00     0.000
 10880.00    -0.005
 10890.00     0.000
 10900.00     0.010
 10910.00    -0.005
 10920.00     0.010
 10930.00     0.020
 10940.00     0.005
 10950.00     0.010
 10960.00     0.015
 10970.00     0.010
 10980.00     0.010
 10990.00     0.000
 11000.00     0.005
 11010.00     0.010
 11020.00    -0.005
 11030.00    -0.010
 11040.00     0.000
 11050.00    -0.005
 11060.00     0.005
 11070.00     0.005
 11080.00     0.000
 11090.00     0.020
 11100.00     0.010
 11110.00     0.005
 11120.00     0.005
 11130.00     0.000
 11140.00    -0.005
 11150.00     0.010
 11160.00     0.025
 11170.00     0.015
 11180.00     0.005
 11190.00     0.020
 11200.00     0.015
 11210.00     0.010
 11220.00     0.000
 11230.00     0.000
 11240.00     0.015
 11250.00     0.020
 11260.00     0.015
 11270.00     0.025
 11280.00     0.025
 11290.00     0.025
 11300.00     0.030
 11310.00     0.025
 11320.00    -0.005
 11330.00    -0.015
 11340.00    -0.005
 11350.00     0.010
 11360.00     0.040
 11370.00     0.080
 11380.00     0.085
 11390.00     0.085
 11400.00     0.075
 11410.00     0.065
 11420.00     0.065
 11430.00     0.065
 11440.00     0.075
 11450.00     0.080
 11460.00     0.075
 11470.00     0.065
 11480.00     0.055
 11490.00     0.050
 11500.00     0.030
 11510.00     0.025
 11520.00     0.005
 11530.00    -0.020
 11540.00    -0.050
 11550.00    -0.080
 11560.00    -0.115
 11570.00    -0.125
 11580.00    -0.120
 11590.00    -0.105
 11600.00    -0.085
 11610.00    -0.070
 11620.00    -0.065
 11630.00    -0.060
 11640.00    -0.055
 11650.00    -0.035
 11660.00     0.005
 11670.00     0.025
 11680.00     0.030
 11690.00     0.025
 11700.00     0.015
 11710.00     0.015
 11720.00     0.015
 11730.00     0.020
 11740.00     0.040
 11750.00     0.060
 11760.00     0.070
 11770.00     0.085
 11780.00     0.070
 11790.00     0.060
 11800.00     0.050
 11810.00     0.035
 11820.00     0.015
 11830.00    -0.015
 11840.00    -0.055
 11850.00    -0.105
 11860.00    -0.160
 11870.00    -0.210
 11880.00    -0.240
 11890.00    -0.185
 11900.00    -0.020
 11910.00     0.010
 11920.00     0.035
 11930.00     0.030
 11940.00     0.025
 11950.00     0.045
 11960.00     0.045
 11970.00     0.030
 11980.00     0.015
 11990.00     0.005
 12000.00     0.015

