3.000000000000000000e+03 1.352353599999999920e-03
3.010000000000000000e+03 7.864995999999999533e-04
3.020000000000000000e+03 4.226672000000000111e-04
3.030000000000000000e+03 3.237175999999999921e-04
3.040000000000000000e+03 1.652591999999999982e-04
3.050000000000000000e+03 1.583671999999999836e-04
3.060000000000000000e+03 1.160343999999999948e-04
3.070000000000000000e+03 4.868280000000000085e-05
3.080000000000000000e+03 4.520680000000000228e-05
3.090000000000000000e+03 3.037199999999999991e-05
3.100000000000000000e+03 3.371439999999999691e-05
3.110000000000000000e+03 1.834040000000000147e-05
3.120000000000000000e+03 2.264279999999999944e-05
3.130000000000000000e+03 1.793240000000000131e-05
3.140000000000000000e+03 1.962079999999999686e-05
3.150000000000000000e+03 2.215960000000000041e-05
3.160000000000000000e+03 3.057199999999999799e-05
3.170000000000000000e+03 5.435600000000000609e-05
3.180000000000000000e+03 9.662479999999999008e-05
3.190000000000000000e+03 1.637983999999999935e-04
3.200000000000000000e+03 2.691284000000000167e-04
3.210000000000000000e+03 5.225112000000000940e-04
3.220000000000000000e+03 1.431812399999999891e-03
3.230000000000000000e+03 4.360357199999998802e-03
3.240000000000000000e+03 1.122852160000000106e-02
3.250000000000000000e+03 2.744670800000000022e-02
3.260000000000000000e+03 7.785416799999998749e-02
3.270000000000000000e+03 2.515048000000000283e-01
3.280000000000000000e+03 5.684400800000000142e-01
3.290000000000000000e+03 7.839781999999999584e-01
3.300000000000000000e+03 8.296935599999999411e-01
3.310000000000000000e+03 8.404435199999999995e-01
3.320000000000000000e+03 8.466530399999999679e-01
3.330000000000000000e+03 8.453283200000000219e-01
3.340000000000000000e+03 8.399192399999999559e-01
3.350000000000000000e+03 8.393675200000000336e-01
3.360000000000000000e+03 8.468620399999999826e-01
3.370000000000000000e+03 8.587762800000000585e-01
3.380000000000000000e+03 8.648555200000000998e-01
3.390000000000000000e+03 8.612360800000000705e-01
3.400000000000000000e+03 8.621151600000002135e-01
3.410000000000000000e+03 8.652171200000000617e-01
3.420000000000000000e+03 8.684499999999999442e-01
3.430000000000000000e+03 8.733503999999999712e-01
3.440000000000000000e+03 8.813517199999998386e-01
3.450000000000000000e+03 8.926337200000000749e-01
3.460000000000000000e+03 9.016160799999997089e-01
3.470000000000000000e+03 9.037086399999999520e-01
3.480000000000000000e+03 9.042267599999999073e-01
3.490000000000000000e+03 9.029706799999999145e-01
3.500000000000000000e+03 9.042419999999999902e-01
3.510000000000000000e+03 9.073334800000002476e-01
3.520000000000000000e+03 9.085840799999997941e-01
3.530000000000000000e+03 9.127298000000001466e-01
3.540000000000000000e+03 9.180840799999999691e-01
3.550000000000000000e+03 9.248168800000001744e-01
3.560000000000000000e+03 9.263143599999998923e-01
3.570000000000000000e+03 9.256448000000000453e-01
3.580000000000000000e+03 9.260968800000000112e-01
3.590000000000000000e+03 9.253038399999999886e-01
3.600000000000000000e+03 9.264002000000001180e-01
3.610000000000000000e+03 9.275245599999999424e-01
3.620000000000000000e+03 9.245635999999999299e-01
3.630000000000000000e+03 9.289148799999999984e-01
3.640000000000000000e+03 9.323829199999998929e-01
3.650000000000000000e+03 9.336285199999998508e-01
3.660000000000000000e+03 9.334537600000000213e-01
3.670000000000000000e+03 9.337829599999999397e-01
3.680000000000000000e+03 9.326695599999998976e-01
3.690000000000000000e+03 9.356144800000000261e-01
3.700000000000000000e+03 9.372285999999998563e-01
3.710000000000000000e+03 9.385698799999998565e-01
3.720000000000000000e+03 9.400295200000000628e-01
3.730000000000000000e+03 9.340476399999999568e-01
3.740000000000000000e+03 9.345726800000000445e-01
3.750000000000000000e+03 9.361329600000000140e-01
3.760000000000000000e+03 9.369272000000000711e-01
3.770000000000000000e+03 9.367114000000000829e-01
3.780000000000000000e+03 9.381670800000001531e-01
3.790000000000000000e+03 9.405783200000000788e-01
3.800000000000000000e+03 9.410813999999999568e-01
3.810000000000000000e+03 9.436814400000002045e-01
3.820000000000000000e+03 9.440633200000000391e-01
3.830000000000000000e+03 9.396998400000000640e-01
3.840000000000000000e+03 9.339858800000000461e-01
3.850000000000000000e+03 9.346350399999999725e-01
3.860000000000000000e+03 9.201809600000000477e-01
3.870000000000000000e+03 7.970393199999999956e-01
3.880000000000000000e+03 5.184403199999999545e-01
3.890000000000000000e+03 2.373046400000000111e-01
3.900000000000000000e+03 8.106052800000000669e-02
3.910000000000000000e+03 2.578470400000000204e-02
3.920000000000000000e+03 9.622981200000001872e-03
3.930000000000000000e+03 3.856368000000000209e-03
3.940000000000000000e+03 1.771821999999999937e-03
3.950000000000000000e+03 8.963896000000000277e-04
3.960000000000000000e+03 4.642928000000000484e-04
3.970000000000000000e+03 2.645152000000000115e-04
3.980000000000000000e+03 1.402652000000000271e-04
3.990000000000000000e+03 8.009959999999999455e-05
4.000000000000000000e+03 4.420720000000000595e-05
4.010000000000000000e+03 2.724719999999999893e-05
4.020000000000000000e+03 2.493960000000000428e-05
4.030000000000000000e+03 1.927320000000000040e-05
4.040000000000000000e+03 1.683040000000000068e-05
4.050000000000000000e+03 9.742399999999998405e-06
4.060000000000000000e+03 1.220719999999999724e-05
4.070000000000000000e+03 1.180040000000000310e-05
4.080000000000000000e+03 1.078079999999999849e-05
4.090000000000000000e+03 1.004879999999999940e-05
4.100000000000000000e+03 9.228400000000001294e-06
4.110000000000000000e+03 1.126920000000000046e-05
4.120000000000000000e+03 9.012800000000001190e-06
4.130000000000000000e+03 1.197799999999999950e-05
4.140000000000000000e+03 1.027800000000000222e-05
4.150000000000000000e+03 8.373600000000000601e-06
4.160000000000000000e+03 9.482799999999998384e-06
4.170000000000000000e+03 6.259599999999999327e-06
4.180000000000000000e+03 5.628000000000000156e-06
4.190000000000000000e+03 7.357600000000000503e-06
4.200000000000000000e+03 7.154799999999999666e-06
4.210000000000000000e+03 5.676400000000000404e-06
4.220000000000000000e+03 6.167200000000000855e-06
4.230000000000000000e+03 7.689600000000000035e-06
4.240000000000000000e+03 7.310000000000001162e-06
4.250000000000000000e+03 6.481999999999999942e-06
4.260000000000000000e+03 8.050400000000000036e-06
4.270000000000000000e+03 7.253599999999998619e-06
4.280000000000000000e+03 7.445200000000000308e-06
4.290000000000000000e+03 7.675999999999999013e-06
4.300000000000000000e+03 4.977599999999999573e-06
4.310000000000000000e+03 4.325999999999999747e-06
4.320000000000000000e+03 6.366799999999998910e-06
4.330000000000000000e+03 5.356400000000000080e-06
4.340000000000000000e+03 5.480000000000000048e-06
4.350000000000000000e+03 6.215599999999999409e-06
4.360000000000000000e+03 5.666399999999999653e-06
4.370000000000000000e+03 6.094399999999999621e-06
4.380000000000000000e+03 4.891199999999999858e-06
4.390000000000000000e+03 4.480399999999999489e-06
4.400000000000000000e+03 2.908000000000000364e-06
4.410000000000000000e+03 5.421600000000000743e-06
4.420000000000000000e+03 5.038800000000000783e-06
4.430000000000000000e+03 3.813199999999999761e-06
4.440000000000000000e+03 3.770000000000000751e-06
4.450000000000000000e+03 4.611199999999999998e-06
4.460000000000000000e+03 5.287199999999999963e-06
4.470000000000000000e+03 4.718800000000001306e-06
4.480000000000000000e+03 4.119599999999999487e-06
4.490000000000000000e+03 6.222799999999999950e-06
4.500000000000000000e+03 4.187999999999999544e-06
4.510000000000000000e+03 4.515999999999999622e-06
4.520000000000000000e+03 4.107600000000000280e-06
4.530000000000000000e+03 4.845600000000000668e-06
4.540000000000000000e+03 4.309200000000000179e-06
4.550000000000000000e+03 4.102800000000000766e-06
4.560000000000000000e+03 4.243600000000000333e-06
4.570000000000000000e+03 3.218800000000000421e-06
4.580000000000000000e+03 3.710000000000000054e-06
4.590000000000000000e+03 4.914799999999999937e-06
4.600000000000000000e+03 4.771600000000000190e-06
4.610000000000000000e+03 3.766000000000000450e-06
4.620000000000000000e+03 4.694799999999999503e-06
4.630000000000000000e+03 4.241600000000000182e-06
4.640000000000000000e+03 5.613999999999999951e-06
4.650000000000000000e+03 4.960800000000000005e-06
4.660000000000000000e+03 4.811999999999999837e-06
4.670000000000000000e+03 2.993600000000000442e-06
4.680000000000000000e+03 3.795200000000000526e-06
4.690000000000000000e+03 3.693200000000000063e-06
4.700000000000000000e+03 4.020800000000000535e-06
4.710000000000000000e+03 3.324400000000000307e-06
4.720000000000000000e+03 3.242400000000000076e-06
4.730000000000000000e+03 2.914800000000000028e-06
4.740000000000000000e+03 4.130800000000000328e-06
4.750000000000000000e+03 2.609999999999999998e-06
4.760000000000000000e+03 3.184799999999999984e-06
4.770000000000000000e+03 2.674800000000000208e-06
4.780000000000000000e+03 2.675200000000000238e-06
4.790000000000000000e+03 2.981999999999999994e-06
4.800000000000000000e+03 3.127599999999999922e-06
4.810000000000000000e+03 3.133199999999999495e-06
4.820000000000000000e+03 3.836000000000000203e-06
4.830000000000000000e+03 3.501200000000000885e-06
4.840000000000000000e+03 3.422399999999999623e-06
4.850000000000000000e+03 2.659999999999999943e-06
4.860000000000000000e+03 3.897599999999999749e-06
4.870000000000000000e+03 3.218000000000000360e-06
4.880000000000000000e+03 3.283200000000000177e-06
4.890000000000000000e+03 2.890400000000000312e-06
4.900000000000000000e+03 3.384799999999999339e-06
4.910000000000000000e+03 2.643599999999999982e-06
4.920000000000000000e+03 1.735200000000000132e-06
4.930000000000000000e+03 2.191599999999999905e-06
4.940000000000000000e+03 3.552400000000000073e-06
4.950000000000000000e+03 3.679199999999999858e-06
4.960000000000000000e+03 2.011000000000000228e-05
4.970000000000000000e+03 5.030560000000000164e-05
4.980000000000000000e+03 5.896039999999999880e-05
4.990000000000000000e+03 3.298120000000000196e-05
5.000000000000000000e+03 1.651959999999999681e-05
5.010000000000000000e+03 1.413479999999999891e-05
5.020000000000000000e+03 1.300520000000000044e-05
5.030000000000000000e+03 1.250119999999999815e-05
5.040000000000000000e+03 9.438399999999999283e-06
5.050000000000000000e+03 1.376879999999999767e-05
5.060000000000000000e+03 2.286079999999999634e-05
5.070000000000000000e+03 4.539320000000000442e-05
5.080000000000000000e+03 6.438679999999999144e-05
5.090000000000000000e+03 7.400200000000000061e-05
5.100000000000000000e+03 7.680920000000000315e-05
5.110000000000000000e+03 7.023120000000001293e-05
5.120000000000000000e+03 5.812559999999999792e-05
5.130000000000000000e+03 5.045559999999999851e-05
5.140000000000000000e+03 5.226200000000000886e-05
5.150000000000000000e+03 5.541039999999999383e-05
5.160000000000000000e+03 6.149479999999999270e-05
5.170000000000000000e+03 6.419559999999999232e-05
5.180000000000000000e+03 6.036959999999999879e-05
5.190000000000000000e+03 4.787600000000000037e-05
5.200000000000000000e+03 3.757320000000000137e-05
5.210000000000000000e+03 3.415199999999999421e-05
5.220000000000000000e+03 3.681519999999999948e-05
5.230000000000000000e+03 3.866279999999999852e-05
5.240000000000000000e+03 3.990280000000000020e-05
5.250000000000000000e+03 3.966399999999999836e-05
5.260000000000000000e+03 4.047639999999999756e-05
5.270000000000000000e+03 4.382200000000000158e-05
5.280000000000000000e+03 4.660079999999999605e-05
5.290000000000000000e+03 4.379520000000000380e-05
5.300000000000000000e+03 4.190680000000000338e-05
5.310000000000000000e+03 4.043559999999999619e-05
5.320000000000000000e+03 3.721279999999999716e-05
5.330000000000000000e+03 3.076040000000000452e-05
5.340000000000000000e+03 2.738000000000000552e-05
5.350000000000000000e+03 3.201600000000000653e-05
5.360000000000000000e+03 3.986920000000000784e-05
5.370000000000000000e+03 4.803199999999999684e-05
5.380000000000000000e+03 4.780520000000000098e-05
5.390000000000000000e+03 4.737240000000000065e-05
5.400000000000000000e+03 5.110480000000000578e-05
5.410000000000000000e+03 6.294079999999999207e-05
5.420000000000000000e+03 7.647239999999999648e-05
5.430000000000000000e+03 8.769360000000000349e-05
5.440000000000000000e+03 9.487959999999999873e-05
5.450000000000000000e+03 1.029979999999999920e-04
5.460000000000000000e+03 1.099479999999999712e-04
5.470000000000000000e+03 1.102992000000000095e-04
5.480000000000000000e+03 1.003187999999999991e-04
5.490000000000000000e+03 8.634080000000000520e-05
5.500000000000000000e+03 7.102160000000001133e-05
5.510000000000000000e+03 5.840720000000000552e-05
5.520000000000000000e+03 4.664440000000000356e-05
5.530000000000000000e+03 3.799640000000000097e-05
5.540000000000000000e+03 3.580680000000000418e-05
5.550000000000000000e+03 3.951080000000000125e-05
5.560000000000000000e+03 4.793999999999999840e-05
5.570000000000000000e+03 5.951880000000000348e-05
5.580000000000000000e+03 7.148399999999999524e-05
5.590000000000000000e+03 7.807600000000000260e-05
5.600000000000000000e+03 8.154880000000001448e-05
5.610000000000000000e+03 8.928039999999999989e-05
5.620000000000000000e+03 9.411440000000000138e-05
5.630000000000000000e+03 9.565560000000000620e-05
5.640000000000000000e+03 9.410999999999999173e-05
5.650000000000000000e+03 9.284360000000000670e-05
5.660000000000000000e+03 9.615040000000000696e-05
5.670000000000000000e+03 1.044724000000000130e-04
5.680000000000000000e+03 1.171192000000000018e-04
5.690000000000000000e+03 1.347112000000000190e-04
5.700000000000000000e+03 1.479848000000000133e-04
5.710000000000000000e+03 1.573039999999999833e-04
5.720000000000000000e+03 1.543140000000000137e-04
5.730000000000000000e+03 1.448183999999999821e-04
5.740000000000000000e+03 1.327052000000000114e-04
5.750000000000000000e+03 1.225671999999999808e-04
5.760000000000000000e+03 1.182396000000000190e-04
5.770000000000000000e+03 1.197791999999999932e-04
5.780000000000000000e+03 1.250984000000000015e-04
5.790000000000000000e+03 1.364159999999999895e-04
5.800000000000000000e+03 1.468907999999999998e-04
5.810000000000000000e+03 1.590020000000000203e-04
5.820000000000000000e+03 1.660903999999999777e-04
5.830000000000000000e+03 1.721443999999999980e-04
5.840000000000000000e+03 1.721835999999999755e-04
5.850000000000000000e+03 1.702519999999999956e-04
5.860000000000000000e+03 1.643187999999999962e-04
5.870000000000000000e+03 1.561239999999999980e-04
5.880000000000000000e+03 1.506256000000000034e-04
5.890000000000000000e+03 1.514103999999999895e-04
5.900000000000000000e+03 1.552996000000000064e-04
5.910000000000000000e+03 1.499852000000000086e-04
5.920000000000000000e+03 1.326419999999999813e-04
5.930000000000000000e+03 1.101012000000000225e-04
5.940000000000000000e+03 8.861879999999998576e-05
5.950000000000000000e+03 7.432239999999999843e-05
5.960000000000000000e+03 6.277880000000000277e-05
5.970000000000000000e+03 5.620119999999999310e-05
5.980000000000000000e+03 5.277199999999999551e-05
5.990000000000000000e+03 5.080519999999999936e-05
6.000000000000000000e+03 5.154120000000000045e-05
6.010000000000000000e+03 5.187760000000000624e-05
6.020000000000000000e+03 5.702240000000000482e-05
6.030000000000000000e+03 6.124279999999999579e-05
6.040000000000000000e+03 6.547760000000001155e-05
6.050000000000000000e+03 7.159840000000000215e-05
6.060000000000000000e+03 7.551280000000000654e-05
6.070000000000000000e+03 8.312320000000001079e-05
6.080000000000000000e+03 9.448600000000000304e-05
6.090000000000000000e+03 1.010731999999999999e-04
6.100000000000000000e+03 1.065792000000000112e-04
6.110000000000000000e+03 1.086392000000000152e-04
6.120000000000000000e+03 1.037132000000000017e-04
6.130000000000000000e+03 9.778080000000000408e-05
6.140000000000000000e+03 8.737479999999998208e-05
6.150000000000000000e+03 7.996279999999999274e-05
6.160000000000000000e+03 7.020039999999999961e-05
6.170000000000000000e+03 6.268479999999999994e-05
6.180000000000000000e+03 5.642039999999999263e-05
6.190000000000000000e+03 5.009959999999999717e-05
6.200000000000000000e+03 4.584519999999999942e-05
6.210000000000000000e+03 4.492440000000000647e-05
6.220000000000000000e+03 4.451239999999999754e-05
6.230000000000000000e+03 4.742079999999999158e-05
6.240000000000000000e+03 5.050360000000000211e-05
6.250000000000000000e+03 5.401439999999999567e-05
6.260000000000000000e+03 6.014639999999999727e-05
6.270000000000000000e+03 6.784919999999999406e-05
6.280000000000000000e+03 7.020519999999998303e-05
6.290000000000000000e+03 7.312079999999999285e-05
6.300000000000000000e+03 7.478640000000001296e-05
6.310000000000000000e+03 7.225360000000001579e-05
6.320000000000000000e+03 6.970880000000000587e-05
6.330000000000000000e+03 6.678520000000000561e-05
6.340000000000000000e+03 6.502600000000001066e-05
6.350000000000000000e+03 6.531519999999999427e-05
6.360000000000000000e+03 6.518999999999999079e-05
6.370000000000000000e+03 6.615079999999999691e-05
6.380000000000000000e+03 6.980640000000000304e-05
6.390000000000000000e+03 6.820159999999999428e-05
6.400000000000000000e+03 6.706559999999999703e-05
6.410000000000000000e+03 6.078360000000000533e-05
6.420000000000000000e+03 5.645160000000000005e-05
6.430000000000000000e+03 4.924120000000000553e-05
6.440000000000000000e+03 4.301880000000000222e-05
6.450000000000000000e+03 3.950800000000000188e-05
6.460000000000000000e+03 3.537080000000000362e-05
6.470000000000000000e+03 3.142239999999999920e-05
6.480000000000000000e+03 2.964000000000000082e-05
6.490000000000000000e+03 2.971039999999999933e-05
6.500000000000000000e+03 3.069120000000000187e-05
6.510000000000000000e+03 3.312039999999999548e-05
6.520000000000000000e+03 3.497159999999999565e-05
6.530000000000000000e+03 3.931320000000000165e-05
6.540000000000000000e+03 4.311480000000000266e-05
6.550000000000000000e+03 4.219119999999999679e-05
6.560000000000000000e+03 4.361239999999999599e-05
6.570000000000000000e+03 4.131120000000000522e-05
6.580000000000000000e+03 3.677759999999999835e-05
6.590000000000000000e+03 3.302559999999999768e-05
6.600000000000000000e+03 2.894560000000000286e-05
6.610000000000000000e+03 2.712760000000000095e-05
6.620000000000000000e+03 2.482080000000000129e-05
6.630000000000000000e+03 2.508640000000000430e-05
6.640000000000000000e+03 2.511600000000000144e-05
6.650000000000000000e+03 2.604119999999999726e-05
6.660000000000000000e+03 2.572800000000000168e-05
6.670000000000000000e+03 3.018439999999999852e-05
6.680000000000000000e+03 3.408359999999999331e-05
6.690000000000000000e+03 4.276519999999999503e-05
6.700000000000000000e+03 5.212919999999999550e-05
6.710000000000000000e+03 6.792400000000000900e-05
6.720000000000000000e+03 8.694440000000000057e-05
6.730000000000000000e+03 1.059123999999999721e-04
6.740000000000000000e+03 1.167364000000000026e-04
6.750000000000000000e+03 1.169756000000000121e-04
6.760000000000000000e+03 1.079384000000000100e-04
6.770000000000000000e+03 9.626480000000000030e-05
6.780000000000000000e+03 8.278119999999999272e-05
6.790000000000000000e+03 7.721320000000000809e-05
6.800000000000000000e+03 7.468359999999999083e-05
6.810000000000000000e+03 7.143680000000000017e-05
6.820000000000000000e+03 7.446560000000001427e-05
6.830000000000000000e+03 8.079599999999999011e-05
6.840000000000000000e+03 8.434560000000000776e-05
6.850000000000000000e+03 8.540560000000001456e-05
6.860000000000000000e+03 8.364080000000000733e-05
6.870000000000000000e+03 7.822359999999998743e-05
6.880000000000000000e+03 6.856759999999999721e-05
6.890000000000000000e+03 5.693599999999999833e-05
6.900000000000000000e+03 4.887519999999999582e-05
6.910000000000000000e+03 4.066520000000000497e-05
6.920000000000000000e+03 3.471040000000000567e-05
6.930000000000000000e+03 3.447920000000000693e-05
6.940000000000000000e+03 2.959160000000000311e-05
6.950000000000000000e+03 2.854719999999999326e-05
6.960000000000000000e+03 2.796159999999999670e-05
6.970000000000000000e+03 2.585799999999999535e-05
6.980000000000000000e+03 3.245160000000000622e-05
6.990000000000000000e+03 3.253719999999999741e-05
7.000000000000000000e+03 3.615560000000000328e-05
7.010000000000000000e+03 4.204000000000000407e-05
7.020000000000000000e+03 5.035639999999999783e-05
7.030000000000000000e+03 5.619039999999999652e-05
7.040000000000000000e+03 6.820279999999998336e-05
7.050000000000000000e+03 7.861359999999998878e-05
7.060000000000000000e+03 8.483320000000000628e-05
7.070000000000000000e+03 8.611319999999998047e-05
7.080000000000000000e+03 8.420640000000000069e-05
7.090000000000000000e+03 7.939240000000000240e-05
7.100000000000000000e+03 7.175840000000000061e-05
7.110000000000000000e+03 6.516640000000000681e-05
7.120000000000000000e+03 6.676080000000000631e-05
7.130000000000000000e+03 6.119200000000000637e-05
7.140000000000000000e+03 6.642440000000000052e-05
7.150000000000000000e+03 6.976360000000001761e-05
7.160000000000000000e+03 7.639919999999999860e-05
7.170000000000000000e+03 8.149079999999999573e-05
7.180000000000000000e+03 9.194520000000001544e-05
7.190000000000000000e+03 1.079528000000000144e-04
7.200000000000000000e+03 1.086635999999999874e-04
7.210000000000000000e+03 1.033308000000000170e-04
7.220000000000000000e+03 9.413359999999998927e-05
7.230000000000000000e+03 8.035080000000000325e-05
7.240000000000000000e+03 7.008960000000000060e-05
7.250000000000000000e+03 5.928320000000000188e-05
7.260000000000000000e+03 4.423759999999999807e-05
7.270000000000000000e+03 4.241119999999999808e-05
7.280000000000000000e+03 3.973120000000000341e-05
7.290000000000000000e+03 3.533919999999999531e-05
7.300000000000000000e+03 3.263919999999999745e-05
7.310000000000000000e+03 3.536199999999999787e-05
7.320000000000000000e+03 3.486240000000000015e-05
7.330000000000000000e+03 3.780400000000000600e-05
7.340000000000000000e+03 4.683040000000000482e-05
7.350000000000000000e+03 4.865600000000000307e-05
7.360000000000000000e+03 6.117799999999998923e-05
7.370000000000000000e+03 6.358679999999999909e-05
7.380000000000000000e+03 6.109479999999999653e-05
7.390000000000000000e+03 6.104279999999997737e-05
7.400000000000000000e+03 5.552640000000000424e-05
7.410000000000000000e+03 4.658279999999999723e-05
7.420000000000000000e+03 4.087199999999999763e-05
7.430000000000000000e+03 2.201600000000000063e-05
7.440000000000000000e+03 2.122959999999999745e-05
7.450000000000000000e+03 2.106999999999999986e-05
7.460000000000000000e+03 2.061359999999999861e-05
7.470000000000000000e+03 1.388320000000000118e-05
7.480000000000000000e+03 1.492400000000000145e-05
7.490000000000000000e+03 1.459559999999999964e-05
7.500000000000000000e+03 1.074439999999999999e-05
7.510000000000000000e+03 1.391960000000000307e-05
7.520000000000000000e+03 1.398200000000000098e-05
7.530000000000000000e+03 1.462640000000000111e-05
7.540000000000000000e+03 1.474679999999999915e-05
7.550000000000000000e+03 1.561120000000000056e-05
7.560000000000000000e+03 1.977720000000000099e-05
7.570000000000000000e+03 2.314680000000000004e-05
7.580000000000000000e+03 3.184839999999999817e-05
7.590000000000000000e+03 3.880519999999999906e-05
7.600000000000000000e+03 5.314200000000000043e-05
7.610000000000000000e+03 6.858119999999999993e-05
7.620000000000000000e+03 7.673440000000000176e-05
7.630000000000000000e+03 8.600480000000000028e-05
7.640000000000000000e+03 7.527320000000000972e-05
7.650000000000000000e+03 6.086080000000000520e-05
7.660000000000000000e+03 4.300839999999999974e-05
7.670000000000000000e+03 4.068159999999999349e-05
7.680000000000000000e+03 2.784639999999999820e-05
7.690000000000000000e+03 2.295759999999999853e-05
7.700000000000000000e+03 1.850959999999999978e-05
7.710000000000000000e+03 1.888480000000000256e-05
7.720000000000000000e+03 1.581280000000000215e-05
7.730000000000000000e+03 2.536640000000000162e-05
7.740000000000000000e+03 2.032759999999999830e-05
7.750000000000000000e+03 2.021079999999999630e-05
7.760000000000000000e+03 1.996280000000000138e-05
7.770000000000000000e+03 1.911240000000000356e-05
7.780000000000000000e+03 2.077160000000000285e-05
7.790000000000000000e+03 2.085159999999999870e-05
7.800000000000000000e+03 1.676520000000000001e-05
7.810000000000000000e+03 2.307679999999999901e-05
7.820000000000000000e+03 2.741080000000000190e-05
7.830000000000000000e+03 3.065319999999999986e-05
7.840000000000000000e+03 2.994000000000000133e-05
7.850000000000000000e+03 2.423600000000000309e-05
7.860000000000000000e+03 2.202360000000000035e-05
7.870000000000000000e+03 2.602720000000000044e-05
7.880000000000000000e+03 2.584639999999999702e-05
7.890000000000000000e+03 2.016519999999999795e-05
7.900000000000000000e+03 1.992560000000000113e-05
7.910000000000000000e+03 1.955679999999999883e-05
7.920000000000000000e+03 2.140400000000000039e-05
7.930000000000000000e+03 2.313239999999999895e-05
7.940000000000000000e+03 1.746720000000000108e-05
7.950000000000000000e+03 2.446919999999999944e-05
7.960000000000000000e+03 2.310280000000000181e-05
7.970000000000000000e+03 2.102359999999999638e-05
7.980000000000000000e+03 2.217520000000000073e-05
7.990000000000000000e+03 2.369479999999999885e-05
8.000000000000000000e+03 7.187999999999998773e-06
8.010000000000000000e+03 9.877200000000000910e-06
8.020000000000000000e+03 7.729600000000001346e-06
8.030000000000000000e+03 6.890000000000001795e-06
8.040000000000000000e+03 9.929199999999999734e-06
8.050000000000000000e+03 6.943200000000001557e-06
8.060000000000000000e+03 5.695599999999998459e-06
8.070000000000000000e+03 8.249199999999998878e-06
8.080000000000000000e+03 7.618800000000000645e-06
8.090000000000000000e+03 7.297200000000000200e-06
8.100000000000000000e+03 1.339359999999999997e-05
8.110000000000000000e+03 7.973200000000000166e-06
8.120000000000000000e+03 1.112479999999999893e-05
8.130000000000000000e+03 9.117600000000000593e-06
8.140000000000000000e+03 9.161999999999999693e-06
8.150000000000000000e+03 8.457999999999999319e-06
8.160000000000000000e+03 1.140599999999999888e-05
8.170000000000000000e+03 1.018640000000000127e-05
8.180000000000000000e+03 9.324400000000000036e-06
8.190000000000000000e+03 8.911200000000000333e-06
8.200000000000000000e+03 8.769600000000001553e-06
8.210000000000000000e+03 9.772799999999998995e-06
8.220000000000000000e+03 8.212399999999999502e-06
8.230000000000000000e+03 1.067440000000000066e-05
8.240000000000000000e+03 1.258079999999999989e-05
8.250000000000000000e+03 1.183639999999999902e-05
8.260000000000000000e+03 1.276999999999999632e-05
8.270000000000000000e+03 8.964800000000000972e-06
8.280000000000000000e+03 9.550000000000000044e-06
8.290000000000000000e+03 1.395439999999999975e-05
8.300000000000000000e+03 1.397639999999999886e-05
8.310000000000000000e+03 1.423799999999999988e-05
8.320000000000000000e+03 1.459959999999999994e-05
8.330000000000000000e+03 1.411840000000000191e-05
8.340000000000000000e+03 1.088480000000000122e-05
8.350000000000000000e+03 1.342679999999999992e-05
8.360000000000000000e+03 1.776319999999999961e-05
8.370000000000000000e+03 1.875920000000000159e-05
8.380000000000000000e+03 1.775439999999999725e-05
8.390000000000000000e+03 1.866320000000000454e-05
8.400000000000000000e+03 2.158680000000000142e-05
8.410000000000000000e+03 2.771360000000000178e-05
8.420000000000000000e+03 2.563920000000000009e-05
8.430000000000000000e+03 3.074039999999999455e-05
8.440000000000000000e+03 2.384479999999999911e-05
8.450000000000000000e+03 2.811360000000000134e-05
8.460000000000000000e+03 3.702039999999999541e-05
8.470000000000000000e+03 3.597519999999999397e-05
8.480000000000000000e+03 3.625479999999999718e-05
8.490000000000000000e+03 3.166200000000000280e-05
8.500000000000000000e+03 5.085600000000000233e-05
8.510000000000000000e+03 6.437399999999999047e-05
8.520000000000000000e+03 5.069520000000000889e-05
8.530000000000000000e+03 4.941639999999999667e-05
8.540000000000000000e+03 4.124479999999999515e-05
8.550000000000000000e+03 6.435239999999999732e-05
8.560000000000000000e+03 6.097639999999999441e-05
8.570000000000000000e+03 5.785759999999999981e-05
8.580000000000000000e+03 4.041239999999999953e-05
8.590000000000000000e+03 3.753679999999999609e-05
8.600000000000000000e+03 4.422000000000000014e-05
8.610000000000000000e+03 6.046960000000001478e-05
8.620000000000000000e+03 7.513799999999999787e-05
8.630000000000000000e+03 4.773319999999999896e-05
8.640000000000000000e+03 4.802440000000000728e-05
8.650000000000000000e+03 4.691599999999999601e-05
8.660000000000000000e+03 4.436399999999999740e-05
8.670000000000000000e+03 4.311039999999999301e-05
8.680000000000000000e+03 5.405279999999999856e-05
8.690000000000000000e+03 5.001480000000000097e-05
8.700000000000000000e+03 4.171720000000000099e-05
8.710000000000000000e+03 3.647039999999999560e-05
8.720000000000000000e+03 4.527880000000000430e-05
8.730000000000000000e+03 3.940119999999999810e-05
8.740000000000000000e+03 3.650919999999999936e-05
8.750000000000000000e+03 3.598079999999999947e-05
8.760000000000000000e+03 3.311640000000000026e-05
8.770000000000000000e+03 3.663719999999999542e-05
8.780000000000000000e+03 3.536239999999999875e-05
8.790000000000000000e+03 3.275439999999999255e-05
8.800000000000000000e+03 3.911880000000000229e-05
8.810000000000000000e+03 3.090279999999999828e-05
8.820000000000000000e+03 2.515639999999999855e-05
8.830000000000000000e+03 4.047599999999998991e-05
8.840000000000000000e+03 2.718599999999999687e-05
8.850000000000000000e+03 3.636039999999999834e-05
8.860000000000000000e+03 2.909840000000000248e-05
8.870000000000000000e+03 2.569679999999999426e-05
8.880000000000000000e+03 3.502119999999999599e-05
8.890000000000000000e+03 2.269919999999999775e-05
8.900000000000000000e+03 2.699040000000000166e-05
8.910000000000000000e+03 2.531199999999999415e-05
8.920000000000000000e+03 2.994879999999999691e-05
8.930000000000000000e+03 3.152119999999999900e-05
8.940000000000000000e+03 3.302319999999999919e-05
8.950000000000000000e+03 3.349599999999999914e-05
8.960000000000000000e+03 3.767920000000000340e-05
8.970000000000000000e+03 2.929680000000000045e-05
8.980000000000000000e+03 2.103320000000000049e-05
8.990000000000000000e+03 2.805360000000000191e-05
9.000000000000000000e+03 3.121519999999999888e-05
9.010000000000000000e+03 2.276159999999999566e-05
9.020000000000000000e+03 2.385839999999999844e-05
9.030000000000000000e+03 2.140799999999999900e-05
9.040000000000000000e+03 1.923360000000000166e-05
9.050000000000000000e+03 2.741719999999999561e-05
9.060000000000000000e+03 2.540199999999999837e-05
9.070000000000000000e+03 2.368480000000000064e-05
9.080000000000000000e+03 1.626119999999999942e-05
9.090000000000000000e+03 2.196839999999999790e-05
9.100000000000000000e+03 1.977359999999999987e-05
9.110000000000000000e+03 2.530399999999999354e-05
9.120000000000000000e+03 2.730440000000000238e-05
9.130000000000000000e+03 1.760920000000000074e-05
9.140000000000000000e+03 4.490720000000000264e-05
9.150000000000000000e+03 4.832160000000000166e-05
9.160000000000000000e+03 5.335079999999999749e-05
9.170000000000000000e+03 5.094919999999998985e-05
9.180000000000000000e+03 4.775199999999999952e-05
9.190000000000000000e+03 3.095639999999999384e-05
9.200000000000000000e+03 2.680760000000000402e-05
9.210000000000000000e+03 1.852679999999999684e-05
9.220000000000000000e+03 1.491879999999999851e-05
9.230000000000000000e+03 1.764600000000000012e-05
9.240000000000000000e+03 1.665839999999999961e-05
9.250000000000000000e+03 1.933960000000000030e-05
9.260000000000000000e+03 1.694160000000000056e-05
9.270000000000000000e+03 1.804520000000000131e-05
9.280000000000000000e+03 1.564919999999999918e-05
9.290000000000000000e+03 1.272160000000000031e-05
9.300000000000000000e+03 1.411879999999999940e-05
9.310000000000000000e+03 1.118560000000000011e-05
9.320000000000000000e+03 1.217999999999999858e-05
9.330000000000000000e+03 1.187440000000000103e-05
9.340000000000000000e+03 1.106199999999999844e-05
9.350000000000000000e+03 9.244400000000000802e-06
9.360000000000000000e+03 1.054200000000000003e-05
9.370000000000000000e+03 1.106399999999999944e-05
9.380000000000000000e+03 1.499199999999999978e-05
9.390000000000000000e+03 1.022960000000000113e-05
9.400000000000000000e+03 1.308320000000000037e-05
9.410000000000000000e+03 1.271800000000000258e-05
9.420000000000000000e+03 1.254560000000000064e-05
9.430000000000000000e+03 1.149839999999999989e-05
9.440000000000000000e+03 1.264399999999999956e-05
9.450000000000000000e+03 1.374599999999999849e-05
9.460000000000000000e+03 1.230479999999999949e-05
9.470000000000000000e+03 9.777200000000000173e-06
9.480000000000000000e+03 1.045440000000000108e-05
9.490000000000000000e+03 1.300840000000000237e-05
9.500000000000000000e+03 8.138000000000000688e-06
9.510000000000000000e+03 1.171000000000000139e-05
9.520000000000000000e+03 1.002480000000000099e-05
9.530000000000000000e+03 1.117880000000000214e-05
9.540000000000000000e+03 9.882400000000000453e-06
9.550000000000000000e+03 9.819200000000000787e-06
9.560000000000000000e+03 8.993599999999999747e-06
9.570000000000000000e+03 9.691999999999999701e-06
9.580000000000000000e+03 9.200400000000000884e-06
9.590000000000000000e+03 1.049360000000000063e-05
9.600000000000000000e+03 1.304039999999999969e-05
9.610000000000000000e+03 1.463760000000000195e-05
9.620000000000000000e+03 2.062959999999999981e-05
9.630000000000000000e+03 3.197279999999999990e-05
9.640000000000000000e+03 5.581759999999999901e-05
9.650000000000000000e+03 6.861320000000000233e-05
9.660000000000000000e+03 7.491720000000000161e-05
9.670000000000000000e+03 6.557399999999999254e-05
9.680000000000000000e+03 3.968239999999999805e-05
9.690000000000000000e+03 2.819279999999999882e-05
9.700000000000000000e+03 1.840960000000000074e-05
9.710000000000000000e+03 1.167399999999999868e-05
9.720000000000000000e+03 1.032880000000000180e-05
9.730000000000000000e+03 9.894800000000000538e-06
9.740000000000000000e+03 1.189679999999999763e-05
9.750000000000000000e+03 4.331200000000000138e-06
9.760000000000000000e+03 9.571999999999999156e-06
9.770000000000000000e+03 7.964399999999999504e-06
9.780000000000000000e+03 8.369600000000000301e-06
9.790000000000000000e+03 7.807999999999997072e-06
9.800000000000000000e+03 6.177600000000000789e-06
9.810000000000000000e+03 9.360000000000000169e-06
9.820000000000000000e+03 7.697599999999998942e-06
9.830000000000000000e+03 1.020559999999999932e-05
9.840000000000000000e+03 8.497999999999998936e-06
9.850000000000000000e+03 9.159200000000000330e-06
9.860000000000000000e+03 8.552399999999997941e-06
9.870000000000000000e+03 9.922799999999999253e-06
9.880000000000000000e+03 1.076279999999999968e-05
9.890000000000000000e+03 1.423079999999999934e-05
9.900000000000000000e+03 1.858080000000000005e-05
9.910000000000000000e+03 2.874439999999999875e-05
9.920000000000000000e+03 4.283720000000000382e-05
9.930000000000000000e+03 5.956160000000000246e-05
9.940000000000000000e+03 7.107360000000000338e-05
9.950000000000000000e+03 7.043639999999998854e-05
9.960000000000000000e+03 5.833680000000000023e-05
9.970000000000000000e+03 4.164479999999999810e-05
9.980000000000000000e+03 3.047760000000000107e-05
9.990000000000000000e+03 2.407440000000000112e-05
1.000000000000000000e+04 1.932560000000000010e-05
1.001000000000000000e+04 1.547119999999999851e-05
1.002000000000000000e+04 1.217999999999999858e-05
1.003000000000000000e+04 1.144280000000000164e-05
1.004000000000000000e+04 1.041320000000000052e-05
1.005000000000000000e+04 7.413600000000000475e-06
1.006000000000000000e+04 1.363119999999999749e-05
1.007000000000000000e+04 1.052719999999999977e-05
1.008000000000000000e+04 1.125919999999999886e-05
1.009000000000000000e+04 9.180399999999999382e-06
1.010000000000000000e+04 1.043720000000000232e-05
1.011000000000000000e+04 1.277520000000000095e-05
1.012000000000000000e+04 1.376440000000000327e-05
1.013000000000000000e+04 1.334240000000000290e-05
1.014000000000000000e+04 1.615439999999999902e-05
1.015000000000000000e+04 1.476319999999999953e-05
1.016000000000000000e+04 1.717840000000000141e-05
1.017000000000000000e+04 1.758839999999999918e-05
1.018000000000000000e+04 2.365479999999999585e-05
1.019000000000000000e+04 2.524479999999999926e-05
1.020000000000000000e+04 2.612360000000000176e-05
1.021000000000000000e+04 2.759360000000000293e-05
1.022000000000000000e+04 2.970880000000000260e-05
1.023000000000000000e+04 3.000879999999999973e-05
1.024000000000000000e+04 3.264279999999999856e-05
1.025000000000000000e+04 3.635759999999999898e-05
1.026000000000000000e+04 3.719519999999999923e-05
1.027000000000000000e+04 4.426799999999999697e-05
1.028000000000000000e+04 4.716039999999999658e-05
1.029000000000000000e+04 4.969439999999999638e-05
1.030000000000000000e+04 5.403520000000000062e-05
1.031000000000000000e+04 5.649119999999999879e-05
1.032000000000000000e+04 6.532239999999999650e-05
1.033000000000000000e+04 6.229919999999999469e-05
1.034000000000000000e+04 6.698519999999999692e-05
1.035000000000000000e+04 6.412160000000000624e-05
1.036000000000000000e+04 5.962639999999998870e-05
1.037000000000000000e+04 5.901919999999999898e-05
1.038000000000000000e+04 5.196519999999999503e-05
1.039000000000000000e+04 4.682359999999999669e-05
1.040000000000000000e+04 3.999199999999999928e-05
1.041000000000000000e+04 3.925800000000000258e-05
1.042000000000000000e+04 3.427600000000000861e-05
1.043000000000000000e+04 3.117040000000000229e-05
1.044000000000000000e+04 3.018879999999999800e-05
1.045000000000000000e+04 2.580760000000000004e-05
1.046000000000000000e+04 2.437480000000000251e-05
1.047000000000000000e+04 2.449160000000000112e-05
1.048000000000000000e+04 2.164520000000000072e-05
1.049000000000000000e+04 2.719600000000000524e-05
1.050000000000000000e+04 2.938080000000000167e-05
1.051000000000000000e+04 3.031400000000000148e-05
1.052000000000000000e+04 3.111359999999999972e-05
1.053000000000000000e+04 3.366000000000000638e-05
1.054000000000000000e+04 3.552639999999999921e-05
1.055000000000000000e+04 3.895959999999999880e-05
1.056000000000000000e+04 4.677559999999999986e-05
1.057000000000000000e+04 5.325159999999999681e-05
1.058000000000000000e+04 5.862879999999999676e-05
1.059000000000000000e+04 7.096479999999999520e-05
1.060000000000000000e+04 8.013719999999999568e-05
1.061000000000000000e+04 9.732920000000000319e-05
1.062000000000000000e+04 1.128520000000000098e-04
1.063000000000000000e+04 1.318720000000000005e-04
1.064000000000000000e+04 1.619363999999999765e-04
1.065000000000000000e+04 1.881055999999999766e-04
1.066000000000000000e+04 2.075715999999999965e-04
1.067000000000000000e+04 2.262451999999999595e-04
1.068000000000000000e+04 2.432300000000000141e-04
1.069000000000000000e+04 2.503919999999999974e-04
1.070000000000000000e+04 2.497540000000000350e-04
1.071000000000000000e+04 2.472027999999999704e-04
1.072000000000000000e+04 2.399395999999999821e-04
1.073000000000000000e+04 2.293056000000000022e-04
1.074000000000000000e+04 2.335312000000000249e-04
1.075000000000000000e+04 2.296315999999999852e-04
1.076000000000000000e+04 2.294143999999999968e-04
1.077000000000000000e+04 2.278820000000000249e-04
1.078000000000000000e+04 2.344179999999999907e-04
1.079000000000000000e+04 2.498128000000000284e-04
1.080000000000000000e+04 2.641292000000000054e-04
1.081000000000000000e+04 2.863327999999999837e-04
1.082000000000000000e+04 3.136716000000000005e-04
1.083000000000000000e+04 3.513360000000000528e-04
1.084000000000000000e+04 3.911528000000000270e-04
1.085000000000000000e+04 4.463011999999998733e-04
1.086000000000000000e+04 5.076176000000000169e-04
1.087000000000000000e+04 5.786639999999998929e-04
1.088000000000000000e+04 6.644316000000000371e-04
1.089000000000000000e+04 7.465495999999998767e-04
1.090000000000000000e+04 8.261311999999999822e-04
1.091000000000000000e+04 9.032087999999999098e-04
1.092000000000000000e+04 9.630271999999999400e-04
1.093000000000000000e+04 1.008127199999999789e-03
1.094000000000000000e+04 1.030323600000000077e-03
1.095000000000000000e+04 1.040203599999999949e-03
1.096000000000000000e+04 1.035933600000000154e-03
1.097000000000000000e+04 1.022917199999999992e-03
1.098000000000000000e+04 1.015865999999999818e-03
1.099000000000000000e+04 1.001963999999999936e-03
1.100000000000000000e+04 9.992259999999997602e-04
